SIZES
  narena                14680064
  nbuffer               406848
  nplugin               0
  maxuse_stack          5208
  maxuse_arena          29968
  maxuse_con            0
  maxuse_efc            9
  solver_nisland        1
  ne                    7
  nf                    0
  nl                    2
  nefc                  9
  nnzJ                  126
  ncon                  0
  nisland               0
  threadpool            0

TIMER
    0:  duration =  0.049      number = 1
    1:  duration =  0.046      number = 1
    2:  duration =  0          number = 0
    3:  duration =  0.034      number = 1
    4:  duration =  0.003      number = 1
    5:  duration =  0.0009     number = 1
    6:  duration =  0.0061     number = 1
    7:  duration =  0.0025     number = 1
    8:  duration =  0.0067     number = 1
    9:  duration =  0.0014     number = 1
    10:  duration =  0.021      number = 1
    11:  duration =  0.0041     number = 1
    12:  duration =  0          number = 1
    13:  duration =  0.0051     number = 1
    14:  duration =  0.0097     number = 1

SOLVER STAT
  solver_nisland = 1
  solver_fwdinv =   0         0       
  ISLAND 0
    solver_niter = 1
    solver_nnz = 196
      0:  improvement =  6e-15       gradient =  9.7e-18     lineslope =  0       
          nactive = 9   nchange = 0   neval = 2   nupdate = 0

ENERGY =   0         0       

TIME =  5.4e+03 

QPOS
  -9.5e-21 
  -1.6     
   1.6     
  -1.6     
  -1.6     
   3.8e-08 
   0.0029  
   0.0027  
   0.0072  
  -0.013   
   0.0029  
   0.0027  
   0.0072  
  -0.013   

QVEL
  -2.1e-17 
  -5.3e-14 
  -5.3e-14 
  -4.1e-14 
   5.5e-14 
  -2e-20   
   1.5e-16 
   4.7e-16 
   1.7e-15 
   6.3e-14 
   2e-16   
   3.9e-15 
  -3.9e-14 
  -2.7e-14 

QACC_WARMSTART
   2.3e-14 
   1.2e-13 
  -4.1e-13 
   9.9e-13 
  -6.5e-14 
   3.5e-16 
   3.5e-13 
   2.1e-13 
   3.6e-12 
   1.5e-11 
   3.7e-13 
   1.2e-12 
  -1.5e-11 
  -7.1e-11 

CTRL
   0       
  -1.6     
   1.6     
  -1.6     
  -1.6     
   0       
   0       

QFRC_APPLIED
   0       
   0       
   0       
   0       
   0       
   0       
   0       
   0       
   0       
   0       
   0       
   0       
   0       
   0       

XFRC_APPLIED
   0         0         0         0         0         0       
   0         0         0         0         0         0       
   0         0         0         0         0         0       
   0         0         0         0         0         0       
   0         0         0         0         0         0       
   0         0         0         0         0         0       
   0         0         0         0         0         0       
   0         0         0         0         0         0       
   0         0         0         0         0         0       
   0         0         0         0         0         0       
   0         0         0         0         0         0       
   0         0         0         0         0         0       
   0         0         0         0         0         0       
   0         0         0         0         0         0       
   0         0         0         0         0         0       
   0         0         0         0         0         0       
   0         0         0         0         0         0       
   0         0         0         0         0         0       
   0         0         0         0         0         0       
   0         0         0         0         0         0       
   0         0         0         0         0         0       
   0         0         0         0         0         0       
   0         0         0         0         0         0       
   0         0         0         0         0         0       

EQ_ACTIVE             1 1 1

QACC
   2.3e-14 
   1.2e-13 
  -4.1e-13 
   9.9e-13 
  -6.5e-14 
   3.5e-16 
   3.5e-13 
   2.1e-13 
   3.6e-12 
   1.5e-11 
   3.7e-13 
   1.2e-12 
  -1.5e-11 
  -7.1e-11 

XPOS
   0         0         0       
   0         0         0       
   0         0         0       
   0         0         0.16    
  -0.14      0         0.16    
  -0.007     0.0045    0.59    
  -0.007     0.4       0.58    
  -0.13      0.4       0.58    
  -0.13      0.5       0.58    
  -0.13      0.49      0.48    
  -0.13      0.49      0.47    
  -0.13      0.49      0.47    
  -0.1       0.49      0.41    
  -0.072     0.49      0.42    
  -0.12      0.49      0.41    
  -0.066     0.49      0.37    
  -0.085     0.49      0.35    
  -0.085     0.49      0.35    
  -0.16      0.49      0.41    
  -0.2       0.49      0.42    
  -0.15      0.49      0.41    
  -0.2       0.49      0.37    
  -0.18      0.49      0.35    
  -0.18      0.49      0.35    

XQUAT
   1         0         0         0       
   1         0         0         0       
   0.71      0         0         0.71    
   0.71      0         0         0.71    
   0.71     -0.0038    0.0038    0.71    
   0.49     -0.51      0.51      0.49    
   0.49     -0.51      0.51      0.49    
   0.7      -0.72     -5.3e-07  -5.1e-07 
   0.7      -0.72     -5.1e-07  -5.3e-07 
   0.013     1        -9.6e-09   7.3e-07 
   0.013     1        -9.6e-09   7.3e-07 
   0.0091    0.71      0.71     -0.0091  
   0.0081    0.71      0.71     -0.01    
   0.0072    0.71      0.71     -0.011   
   0.0066    0.71      0.71     -0.012   
   0.011     0.71      0.71     -0.0071  
   0.011     0.71      0.71     -0.0071  
   0.011     0.71      0.71     -0.0071  
   0.0081    0.71     -0.71      0.01    
   0.0072    0.71     -0.71      0.011   
   0.0066    0.71     -0.71      0.012   
   0.011     0.71     -0.71      0.0071  
   0.011     0.71     -0.71      0.0071  
   0.011     0.71     -0.71      0.0071  

XMAT
   1         0         0         0         1         0         0         0         1       
   1         0         0         0         1         0         0         0         1       
   0        -1         0         1         0         0         0         0         1       
   0        -1         0         1         0         0         0         0         1       
   0        -1         0         1         0         0.011    -0.011     0         1       
  -2.8e-17  -1         0        -0.021     0         1        -1         0        -0.021   
   2.8e-17  -1         0        -0.026     0         1        -1         0        -0.026   
   1         1.5e-06   7.9e-18   3.8e-08  -0.026     1         1.5e-06  -1        -0.026   
   1         1.5e-06   3.8e-08  -1.3e-10  -0.026     1         1.5e-06  -1        -0.026   
   1        -3.8e-08   1.5e-06  -1.3e-10  -1        -0.026     1.5e-06   0.026    -1       
   1        -3.8e-08   1.5e-06  -1.3e-10  -1        -0.026     1.5e-06   0.026    -1       
   3.8e-08   1         1.5e-06   1        -1.3e-10  -0.026    -0.026     1.5e-06  -1       
   3.8e-08   1        -0.0029    1        -7.6e-05  -0.026    -0.026    -0.0029   -1       
   3.8e-08   1        -0.0056    1        -0.00015  -0.026    -0.026    -0.0056   -1       
   3.8e-08   1        -0.0072    1        -0.00019  -0.026    -0.026    -0.0072   -1       
   3.8e-08   1         0.0056    1         0.00015  -0.026    -0.026     0.0056   -1       
   3.8e-08   1         0.0056    1         0.00015  -0.026    -0.026     0.0056   -1       
   3.8e-08   1         0.0056    1         0.00015  -0.026    -0.026     0.0056   -1       
  -3.8e-08  -1         0.0029   -1        -7.6e-05  -0.026     0.026    -0.0029   -1       
  -3.8e-08  -1         0.0056   -1        -0.00015  -0.026     0.026    -0.0056   -1       
  -3.8e-08  -1         0.0072   -1        -0.00019  -0.026     0.026    -0.0072   -1       
  -3.8e-08  -1        -0.0056   -1         0.00015  -0.026     0.026     0.0056   -1       
  -3.8e-08  -1        -0.0056   -1         0.00015  -0.026     0.026     0.0056   -1       
  -3.8e-08  -1        -0.0056   -1         0.00015  -0.026     0.026     0.0056   -1       

XIPOS
   0         0         0       
   0         0         0       
   0         0         0       
   0         0         0.16    
  -0.14      0.0023    0.38    
  -0.007     0.2       0.58    
  -0.13      0.4       0.58    
  -0.13      0.5       0.58    
  -0.13      0.49      0.5     
  -0.13      0.39      0.48    
  -0.13      0.49      0.47    
  -0.13      0.49      0.43    
  -0.086     0.49      0.41    
  -0.069     0.49      0.39    
  -0.1       0.49      0.38    
  -0.077     0.49      0.36    
  -0.087     0.49      0.34    
  -0.091     0.49      0.34    
  -0.18      0.49      0.41    
  -0.2       0.49      0.39    
  -0.17      0.49      0.38    
  -0.19      0.49      0.36    
  -0.18      0.49      0.34    
  -0.18      0.49      0.34    

XIMAT
   1         0         0         0         1         0         0         0         1       
   1         0         0         0         1         0         0         0         1       
   0        -1         0         1         0         0         0         0         1       
   0        -1         0         1         0         0         0         0         1       
   0        -1         0         1         0         0.011    -0.011     0         1       
  -2.8e-17  -1         0        -0.021     0         1        -1         0        -0.021   
   2.8e-17  -1         0        -0.026     0         1        -1         0        -0.026   
   1         1.5e-06   7.9e-18   3.8e-08  -0.026     1         1.5e-06  -1        -0.026   
   1.5e-06  -1         3.8e-08  -0.026     1.3e-10   1        -1        -1.5e-06  -0.026   
   1        -1.5e-06  -3.8e-08  -1.3e-10   0.026    -1         1.5e-06   1         0.026   
  -0.0028    0.0015    1        -0.026     1        -0.0016   -1        -0.026    -0.0028  
   3.8e-08   1         0.0031    1         7.9e-05  -0.026    -0.026     0.0031   -1       
   3.8e-08  -0.075    -1         1        -0.026     0.0019   -0.026    -1         0.075   
   0.99     -3.8e-08   0.12      0.0032   -1        -0.026     0.12      0.026    -0.99    
   0.77     -3.8e-08   0.64      0.017    -1        -0.02      0.64      0.026    -0.76    
   3.8e-08   0.95     -0.32      1        -0.0082   -0.025    -0.026    -0.32     -0.95    
   1        -3.8e-08   0.0056    0.00015  -1        -0.026     0.0056    0.026    -1       
   1        -3.8e-08   0.0056    0.00015  -1        -0.026     0.0056    0.026    -1       
  -3.8e-08   0.075     1        -1        -0.026     0.0019    0.026    -1         0.075   
  -0.99      3.8e-08  -0.12      0.0032    1        -0.026     0.12     -0.026    -0.99    
  -0.77      3.8e-08  -0.64      0.017     1        -0.02      0.64     -0.026    -0.76    
  -3.8e-08  -0.95      0.32     -1        -0.0082   -0.025     0.026    -0.32     -0.95    
  -1         3.8e-08  -0.0056    0.00015   1        -0.026     0.0056   -0.026    -1       
  -1         3.8e-08  -0.0056    0.00015   1        -0.026     0.0056   -0.026    -1       

XANCHOR
   0         0         0.16    
  -0.14      0         0.16    
  -0.007     0.0045    0.59    
  -0.007     0.4       0.58    
  -0.13      0.4       0.58    
  -0.13      0.5       0.58    
  -0.1       0.49      0.41    
  -0.072     0.49      0.42    
  -0.12      0.49      0.41    
  -0.084     0.49      0.36    
  -0.16      0.49      0.41    
  -0.2       0.49      0.42    
  -0.15      0.49      0.41    
  -0.18      0.49      0.36    

XAXIS
   0         0         1       
  -1         4.4e-16   0       
  -1         4.4e-16   0       
  -1         6.7e-16   0       
   0         1        -0.026   
   1.5e-06  -0.026    -1       
   3.8e-08   1        -0.026   
   3.8e-08   1        -0.026   
   3.8e-08   1        -0.026   
   3.8e-08   1        -0.026   
  -3.8e-08  -1         0.026   
  -3.8e-08  -1         0.026   
  -3.8e-08  -1         0.026   
  -3.8e-08  -1         0.026   

GEOM_XPOS
   3.7e-07   6.7e-07   0.094   
  -5e-07     1.5e-07   0.031   
   0.0084    0.00016   0.21    
  -0.069     1e-06     0.16    
  -0.00056  -5e-05     0.14    
   0         0         0.12    
  -0.14      0.0023    0.38    
  -0.11      0.0032    0.46    
  -0.12      0.0023    0.38    
  -0.18      0.0022    0.38    
  -0.098     0         0.16    
  -0.14      0.0021    0.36    
   0.033     0.4       0.58    
  -0.0066    0.21      0.58    
  -0.024     0.26      0.58    
  -0.019     0.17      0.58    
  -0.087     0.0045    0.59    
  -0.007     0.2       0.58    
  -0.13      0.45      0.58    
  -0.14      0.36      0.58    
  -0.12      0.41      0.58    
  -0.057     0.4       0.58    
  -0.13      0.49      0.53    
  -0.13      0.5       0.62    
  -0.13      0.49      0.56    
  -0.13      0.44      0.58    
  -0.13      0.5       0.56    
  -0.13      0.49      0.5     
  -0.13      0.49      0.5     
  -0.13      0.49      0.47    
  -0.13      0.49      0.47    
  -0.13      0.49      0.43    
  -0.13      0.49      0.43    
  -0.086     0.49      0.41    
  -0.086     0.49      0.41    
  -0.069     0.49      0.39    
  -0.069     0.49      0.39    
  -0.1       0.49      0.38    
  -0.1       0.49      0.38    
  -0.077     0.49      0.36    
  -0.077     0.49      0.36    
  -0.087     0.49      0.33    
  -0.088     0.49      0.34    
  -0.087     0.49      0.34    
  -0.091     0.49      0.34    
  -0.18      0.49      0.41    
  -0.18      0.49      0.41    
  -0.2       0.49      0.39    
  -0.2       0.49      0.39    
  -0.17      0.49      0.38    
  -0.17      0.49      0.38    
  -0.19      0.49      0.36    
  -0.19      0.49      0.36    
  -0.18      0.49      0.33    
  -0.18      0.49      0.34    
  -0.18      0.49      0.34    
  -0.18      0.49      0.34    

GEOM_XMAT
   2e-06     0.28      0.96     -1.1e-05  -0.96      0.28      1        -1.1e-05   1.1e-06 
   1.9e-05   0.79     -0.61      9.9e-06   0.61      0.79      1        -2.1e-05   3.7e-06 
   0.32     -0.16      0.93      0.0014   -0.99     -0.16      0.95      0.055    -0.32    
  -1         1.2e-05   1.4e-05  -9.8e-06  -0.99      0.17      1.6e-05   0.17      0.99    
  -0.74     -0.68      0.034    -0.002     0.053     1        -0.68      0.74     -0.04    
   0        -1         0         1         0         0         0         0         1       
   0.35     -0.94     -0.00031   0.94      0.35      0.011    -0.01     -0.004     1       
   0.00048  -0.98      0.18      1         0.0024    0.01     -0.011     0.18      0.98    
  -1         0.0018    0.0094   -0.0017   -1         0.011     0.0094    0.011     1       
  -1         0.00048   0.00033  -0.00047  -1         0.011     0.00034   0.011     1       
   0         0         1         1         0.011     0        -0.011     1         0       
   0        -1         0         1         0         0.011    -0.011     0         1       
  -0.95     -0.045    -0.3      -0.31      0.16      0.94      0.0067    0.99     -0.17    
  -0.97     -0.24      0.00062  -0.0044    0.021     1        -0.24      0.97     -0.021   
  -0.0049   -0.99     -0.15     -0.022    -0.15      0.99     -1         0.008    -0.021   
  -1         0.00077  -0.02     -0.02      0.021     1         0.0012    1        -0.021   
  -1.2e-17   0         1        -0.021     1         0        -1        -0.021     1.2e-17 
  -2.8e-17  -1         0        -0.021     0         1        -1         0        -0.021   
   0.00015   0.92     -0.39      1        -0.01     -0.024    -0.026    -0.39     -0.92    
   0.3       0.073     0.95      0.95      0.0028   -0.31     -0.025     1        -0.069   
   0.51     -0.00025   0.86      0.86      0.025    -0.51     -0.021     1         0.013   
   2.6e-17   0         1        -0.026     1         0        -1        -0.026    -2.6e-17 
   2.2e-05  -0.98      0.18     -0.026     0.18      0.98     -1        -0.0046   -0.025   
  -0.00036  -0.99      0.11     -0.33      0.1       0.94     -0.94     -0.036    -0.33    
  -6.1e-05  -1         0.00042   0.74     -0.00033  -0.68      0.68      0.00027   0.74    
   1         1.5e-06   7.9e-18   3.8e-08  -0.026     1         1.5e-06  -1        -0.026   
   1         7.9e-18  -1.5e-06   3.8e-08   1         0.026     1.5e-06  -0.026     1       
   0.00048  -0.97      0.22     -0.031     0.22      0.97     -1        -0.0074   -0.03    
   1         3.8e-08  -1.5e-06  -1.3e-10   1         0.026     1.5e-06  -0.026     1       
  -0.0028    0.0015    1        -0.026     1        -0.0016   -1        -0.026    -0.0028  
  -0.0028    0.0015    1        -0.026     1        -0.0016   -1        -0.026    -0.0028  
   2.5e-05   1         0.0031    1         5.4e-05  -0.026    -0.026     0.0031   -1       
   2.5e-05   1         0.0031    1         5.4e-05  -0.026    -0.026     0.0031   -1       
   3.8e-08  -0.075    -1         1        -0.026     0.0019   -0.026    -1         0.075   
   3.8e-08  -0.075    -1         1        -0.026     0.0019   -0.026    -1         0.075   
   0.99     -3.8e-08   0.12      0.0032   -1        -0.026     0.12      0.026    -0.99    
   0.99     -3.8e-08   0.12      0.0032   -1        -0.026     0.12      0.026    -0.99    
   0.77     -3.8e-08   0.64      0.017    -1        -0.02      0.64      0.026    -0.76    
   0.77     -3.8e-08   0.64      0.017    -1        -0.02      0.64      0.026    -0.76    
   4e-06     0.95     -0.32      1        -0.0083   -0.024    -0.026    -0.32     -0.95    
   4e-06     0.95     -0.32      1        -0.0083   -0.024    -0.026    -0.32     -0.95    
   3.8e-08   1         0.0056    1         0.00015  -0.026    -0.026     0.0056   -1       
   3.8e-08   1         0.0056    1         0.00015  -0.026    -0.026     0.0056   -1       
   1        -3.8e-08   0.0056    0.00015  -1        -0.026     0.0056    0.026    -1       
   1        -3.8e-08   0.0056    0.00015  -1        -0.026     0.0056    0.026    -1       
  -3.8e-08   0.075     1        -1        -0.026     0.0019    0.026    -1         0.075   
  -3.8e-08   0.075     1        -1        -0.026     0.0019    0.026    -1         0.075   
  -0.99      3.8e-08  -0.12      0.0032    1        -0.026     0.12     -0.026    -0.99    
  -0.99      3.8e-08  -0.12      0.0032    1        -0.026     0.12     -0.026    -0.99    
  -0.77      3.8e-08  -0.64      0.017     1        -0.02      0.64     -0.026    -0.76    
  -0.77      3.8e-08  -0.64      0.017     1        -0.02      0.64     -0.026    -0.76    
  -4e-06    -0.95      0.32     -1        -0.0083   -0.024     0.026    -0.32     -0.95    
  -4e-06    -0.95      0.32     -1        -0.0083   -0.024     0.026    -0.32     -0.95    
  -3.8e-08  -1        -0.0056   -1         0.00015  -0.026     0.026     0.0056   -1       
  -3.8e-08  -1        -0.0056   -1         0.00015  -0.026     0.026     0.0056   -1       
  -1         3.8e-08  -0.0056    0.00015   1        -0.026     0.0056   -0.026    -1       
  -1         3.8e-08  -0.0056    0.00015   1        -0.026     0.0056   -0.026    -1       

SITE_XPOS
  -0.13      0.49      0.48    
  -0.13      0.49      0.32    

SITE_XMAT
   1        -3.8e-08   1.5e-06  -1.3e-10  -1        -0.026     1.5e-06   0.026    -1       
   3.8e-08   1         1.5e-06   1        -1.3e-10  -0.026    -0.026     1.5e-06  -1       

LIGHT_XPOS
   0        -1         2       

LIGHT_XDIR
  -0.063     0.71     -0.7     

SUBTREE_COM
  -0.076     0.099     0.32    
  -0.076     0.099     0.32    
  -0.076     0.099     0.32    
  -0.092     0.12      0.39    
  -0.12      0.15      0.45    
  -0.085     0.36      0.55    
  -0.13      0.46      0.53    
  -0.13      0.49      0.51    
  -0.13      0.49      0.44    
  -0.13      0.49      0.43    
  -0.13      0.49      0.43    
  -0.13      0.49      0.42    
  -0.075     0.49      0.4     
  -0.069     0.49      0.39    
  -0.093     0.49      0.37    
  -0.08      0.49      0.35    
  -0.088     0.49      0.34    
  -0.091     0.49      0.34    
  -0.19      0.49      0.4     
  -0.2       0.49      0.39    
  -0.18      0.49      0.37    
  -0.19      0.49      0.35    
  -0.18      0.49      0.34    
  -0.18      0.49      0.34    

CDOF
   0         0         1        -0.099    -0.076     0       
  -1         4.4e-16   0         6.9e-17   0.16     -0.099   
  -1         4.4e-16   0        -1.2e-16  -0.27     -0.094   
  -1         6.7e-16   0        -1.7e-16  -0.26      0.3     
   0         1        -0.026    -0.27     -0.0015   -0.058   
   1.5e-06  -0.026    -1        -0.39     -0.058     0.0015  
   3.8e-08   1        -0.026    -0.1      -0.00072  -0.028   
   3.8e-08   1        -0.026    -0.11      9.7e-05   0.0037  
   3.8e-08   1        -0.026    -0.096    -0.0012   -0.045   
   3.8e-08   1        -0.026    -0.052    -0.00022  -0.0085  
  -3.8e-08  -1         0.026     0.1       0.0023    0.089   
  -3.8e-08  -1         0.026     0.11      0.0031    0.12    
  -3.8e-08  -1         0.026     0.096     0.0019    0.072   
  -3.8e-08  -1         0.026     0.052     0.0028    0.11    

CINERT
   0         0         0         0         0         0         0         0         0         0       
   0         0         0         0         0         0         0        -0        -0         0       
   0.45      0.44      0.069     0.03      0.097    -0.13      0.3      -0.39     -1.3       4       
   0.14      0.12      0.064     0.028     0.044    -0.057     0.28     -0.37     -0.58      3.7     
   0.24      0.19      0.13     -0.05      0.029     0.044    -0.52     -0.81      0.47      8.4     
   0.21      0.17      0.065    -0.016    -0.041    -0.061     0.16      0.23      0.6       2.3     
   0.19      0.089     0.11      0.021     0.019    -0.095    -0.071     0.36      0.32      1.2     
   0.28      0.087     0.2       0.028     0.018    -0.12     -0.071     0.48      0.31      1.2     
   0.036     0.0069    0.03      0.0044    0.002    -0.014    -0.011     0.075     0.034     0.19    
   0         0         0         0         0         0        -0         0         0         0       
   0.027     0.004     0.024     0.0035    0.0013   -0.0089   -0.0088    0.059     0.023     0.15    
   0.13      0.013     0.12      0.018     0.0051   -0.034    -0.045     0.31      0.087     0.78    
   0.0015    7.7e-05   0.0014    3.5e-05   8.3e-06  -0.00032  -9e-05     0.0035    0.00082   0.009   
   0.0023    7.9e-05   0.0022   -3.7e-05  -6.4e-06  -0.0004    9.3e-05   0.0055    0.001     0.014   
   0.0035    0.00012   0.0034    0.00024   4.2e-05  -0.00056  -0.0006    0.0087    0.0014    0.022   
   0.0019    1.9e-05   0.0019    7.4e-06   1.2e-07  -0.00018  -1.9e-05   0.0049    0.00045   0.013   
   0.00054   1.8e-06   0.00054   1.6e-05   6.7e-07  -2.2e-05  -4.1e-05   0.0014    5.7e-05   0.0035  
   0.0002    7.9e-07   0.0002    7.7e-06   3.2e-07  -8.3e-06  -2e-05     0.00051   2.1e-05   0.0013  
   0.0015    0.00018   0.0015    0.00038   8.7e-05  -0.00032  -0.00096   0.0035    0.00082   0.009   
   0.0023    0.00029   0.0024    0.00068   0.00013  -0.0004   -0.0017    0.0055    0.001     0.014   
   0.0035    0.00028   0.0036    0.00078   0.00013  -0.00056  -0.002     0.0087    0.0014    0.022   
   0.0019    0.00019   0.0021    0.00057   5.2e-05  -0.00018  -0.0014    0.0049    0.00045   0.013   
   0.00054   4e-05     0.00058   0.00014   6e-06    -2.2e-05  -0.00037   0.0014    5.7e-05   0.0035  
   0.0002    1.4e-05   0.00021   5.2e-05   2.2e-06  -8.3e-06  -0.00013   0.00051   2.1e-05   0.0013  

TEN_LENGTH
   0.0029  

TEN_MOMENT
   0         0         0         0         0         0         0.5       0         0         0         0.5       0         0         0       

TENDON 0: 0 wrap points

ACTUATOR_LENGTH
   3.1e-20 
  -1.6     
   1.6     
  -1.6     
  -1.6     
   3.8e-08 
   0.0029  

ACTUATOR_MOMENT
   1         0         0         0         0         0         0         0         0         0         0         0         0         0       
   0         1         0         0         0         0         0         0         0         0         0         0         0         0       
   0         0         1         0         0         0         0         0         0         0         0         0         0         0       
   0         0         0         1         0         0         0         0         0         0         0         0         0         0       
   0         0         0         0         1         0         0         0         0         0         0         0         0         0       
   0         0         0         0         0         1         0         0         0         0         0         0         0         0       
   0         0         0         0         0         0         0.5       0         0         0         0.5       0         0         0       

CRB
   0         0         0         0         0         0         0         0         0         0       
   1.7       1.1       0.84      0.069     0.17     -0.48      1.1e-16  -3.3e-16   4.4e-16   22      
   1.7       1.1       0.84      0.069     0.17     -0.48      1.1e-16  -3.3e-16   4.4e-16   22      
   1.3       0.69      0.77      0.039     0.078    -0.35     -0.3       0.39      1.3       18      
   1.1       0.57      0.7       0.012     0.034    -0.3      -0.58      0.76      1.9       14      
   0.9       0.38      0.58      0.062     0.0044   -0.34     -0.059     1.6       1.4       6       
   0.68      0.2       0.51      0.078     0.046    -0.28     -0.21      1.3       0.78      3.7     
   0.49      0.11      0.4       0.057     0.027    -0.18     -0.14      0.97      0.47      2.5     
   0.21      0.025     0.2       0.029     0.0088   -0.06     -0.073     0.49      0.15      1.2     
   0.18      0.018     0.17      0.024     0.0068   -0.046    -0.062     0.41      0.12      1.1     
   0.18      0.018     0.17      0.024     0.0068   -0.046    -0.062     0.41      0.12      1.1     
   0.15      0.014     0.14      0.021     0.0055   -0.037    -0.053     0.36      0.094     0.9     
   0.0037    0.00016   0.0036   -1.2e-06   1.9e-06  -0.00073   3.1e-06   0.0091    0.0018    0.023   
   0.0023    7.9e-05   0.0022   -3.7e-05  -6.4e-06  -0.0004    9.3e-05   0.0055    0.001     0.014   
   0.0062    0.00014   0.0061    0.00027   4.3e-05  -0.00077  -0.00068   0.015     0.002     0.039   
   0.0027    2.1e-05   0.0027    3.1e-05   1.1e-06  -0.00021  -8e-05     0.0068    0.00053   0.017   
   0.00074   2.6e-06   0.00074   2.4e-05   1e-06    -3.1e-05  -6.1e-05   0.0019    7.9e-05   0.0048  
   0.0002    7.9e-07   0.0002    7.7e-06   3.2e-07  -8.3e-06  -2e-05     0.00051   2.1e-05   0.0013  
   0.0037    0.00047   0.0039    0.0011    0.00021  -0.00073  -0.0027    0.0091    0.0018    0.023   
   0.0023    0.00029   0.0024    0.00068   0.00013  -0.0004   -0.0017    0.0055    0.001     0.014   
   0.0062    0.00052   0.0065    0.0015    0.00019  -0.00077  -0.0039    0.015     0.002     0.039   
   0.0027    0.00024   0.0029    0.00076   6.1e-05  -0.00021  -0.0019    0.0068    0.00053   0.017   
   0.00074   5.4e-05   0.00079   0.0002    8.2e-06  -3.1e-05  -0.0005    0.0019    7.9e-05   0.0048  
   0.0002    1.4e-05   0.00021   5.2e-05   2.2e-06  -8.3e-06  -0.00013   0.00051   2.1e-05   0.0013  

QM
   1.3      -0.43      0.028     0.023     0.083    -0.00071   0.00014   0.00016   0.00071   9.7e-05  -0.00013  -0.00016  -0.0007   -9.6e-05 
  -0.43      2.5       0.85      0.077    -3.6e-05   2.4e-05   0.00031   2e-05     0.00054   3.3e-05   0.00031   2e-05     0.00054   3.3e-05 
   0.028     0.85      1         0.15     -3.7e-05  -8.4e-06   0.00032   2e-05     0.00054   3.3e-05   0.00032   2e-05     0.00054   3.3e-05 
   0.023     0.077     0.15      0.15     -7.5e-06  -8.5e-06   6.4e-05   4.1e-06   0.00011   6.8e-06   6.4e-05   4.1e-06   0.00011   6.8e-06 
   0.083    -3.6e-05  -3.7e-05  -7.5e-06   0.13      1.4e-06   9.6e-05   6.7e-05   0.00037   5.3e-05  -9.6e-05  -6.7e-05  -0.00037  -5.3e-05 
  -0.00071   2.4e-05  -8.4e-06  -8.5e-06   1.4e-06   0.1      -3e-17     2.3e-20   4.1e-12  -5.9e-19  -6.5e-20  -1e-19     4.1e-12  -7.4e-19 
   0.00014   0.00031   0.00032   6.4e-05   9.6e-05  -3e-17     0.005     1.1e-05   0         0         0         0         0         0       
   0.00016   2e-05     2e-05     4.1e-06   6.7e-05   2.3e-20   1.1e-05   1.1e-05   0         0         0         0         0         0       
   0.00071   0.00054   0.00054   0.00011   0.00037   4.1e-12   0         0         0.00011   1.9e-05   0         0         0         0       
   9.7e-05   3.3e-05   3.3e-05   6.8e-06   5.3e-05  -5.9e-19   0         0         1.9e-05   7.5e-06   0         0         0         0       
  -0.00013   0.00031   0.00032   6.4e-05  -9.6e-05  -6.5e-20   0         0         0         0         0.005     1.1e-05   0         0       
  -0.00016   2e-05     2e-05     4.1e-06  -6.7e-05  -1e-19     0         0         0         0         1.1e-05   1.1e-05   0         0       
  -0.0007    0.00054   0.00054   0.00011  -0.00037   4.1e-12   0         0         0         0         0         0         0.00011   1.9e-05 
  -9.6e-05   3.3e-05   3.3e-05   6.8e-06  -5.3e-05  -7.4e-19   0         0         0         0         0         0         1.9e-05   7.5e-06 

QLD
   1.1      -0.26      0.0056    0.15      0.62     -0.0071   -0.0042    14        7.2       13        0.0051   -14       -7.1      -13      
  -0.26      1.7       0.87      0.49     -0.00029   0.00023   0.058     1.8       7         4.4       0.058     1.8       7         4.4     
   0.0056    0.87      0.88      0.97     -0.0003   -8.3e-05   0.059     1.8       7.1       4.5       0.059     1.8       7.1       4.5     
   0.15      0.49      0.97      0.15     -6e-05    -8.4e-05   0.012     0.36      1.4       0.9       0.012     0.36      1.4       0.9     
   0.62     -0.00029  -0.0003   -6e-05     0.12      1.4e-05   0.0059    5.9       3.7       7.1      -0.0059   -5.9      -3.7      -7.1     
  -0.0071    0.00023  -8.3e-05  -8.4e-05   1.4e-05   0.1      -5.9e-15   2e-15     6.4e-08  -7.8e-14   7.7e-18  -9.2e-15   6.4e-08  -9.9e-14 
  -0.0042    0.058     0.059     0.012     0.0059   -5.9e-15   0.005     1         0         0         0         0         0         0       
   14        1.8       1.8       0.36      5.9       2e-15     1         1.1e-05   0         0         0         0         0         0       
   7.2       7         7.1       1.4       3.7       6.4e-08   0         0         6.5e-05   2.5       0         0         0         0       
   13        4.4       4.5       0.9       7.1      -7.8e-14   0         0         2.5       7.5e-06   0         0         0         0       
   0.0051    0.058     0.059     0.012    -0.0059    7.7e-18   0         0         0         0         0.005     1         0         0       
  -14        1.8       1.8       0.36     -5.9      -9.2e-15   0         0         0         0         1         1.1e-05   0         0       
  -7.1       7         7.1       1.4      -3.7       6.4e-08   0         0         0         0         0         0         6.5e-05   2.5     
  -13        4.4       4.5       0.9      -7.1      -9.9e-14   0         0         0         0         0         0         2.5       7.5e-06 

QLDIAGINV
   0.92    
   0.57    
   1.1     
   6.5     
   8.1     
   9.9     
   2e+02   
   8.9e+04 
   1.6e+04 
   1.3e+05 
   2e+02   
   8.9e+04 
   1.6e+04 
   1.3e+05 

QLDIAGSQRTINV
   0.96    
   0.76    
   1.1     
   2.5     
   2.8     
   3.2     
   14      
   3e+02   
   1.2e+02 
   3.7e+02 
   14      
   3e+02   
   1.2e+02 
   3.7e+02 

D_rownnz              14 14 14 14 14 14 8 8 8 8 8 8 8 8

D_rowadr              0 14 28 42 56 70 84 92 100 108 116 124 132 140

D_colind              0 1 2 3 4 5 6 7 8 9 10 11 12 13 0 1 2 3 4 5 6 7 8 9 10 11 12 13 0 1 2 3 4 5 6 7 8 9 10 11 12 13 0 1 2 3 4 5 6 7 8 9 10 11 12 13 0 1 2 3 4 5 6 7 8 9 10 11 12 13 0 1 2 3 4 5 6 7 8 9 10 11 12 13 0 1 2 3 4 5 6 7 0 1 2 3 4 5 6 7 0 1 2 3 4 5 8 9 0 1 2 3 4 5 8 9 0 1 2 3 4 5 10 11 0 1 2 3 4 5 10 11 0 1 2 3 4 5 12 13 0 1 2 3 4 5 12 13

B_rownnz              14 14 14 14 14 14 14 14 14 14 14 14 8 8 8 8 8 8 8 8 8 8 8 8

B_rowadr              0 14 28 42 56 70 84 98 112 126 140 154 168 176 184 192 200 208 216 224 232 240 248 256

B_colind              0 1 2 3 4 5 6 7 8 9 10 11 12 13 0 1 2 3 4 5 6 7 8 9 10 11 12 13 0 1 2 3 4 5 6 7 8 9 10 11 12 13 0 1 2 3 4 5 6 7 8 9 10 11 12 13 0 1 2 3 4 5 6 7 8 9 10 11 12 13 0 1 2 3 4 5 6 7 8 9 10 11 12 13 0 1 2 3 4 5 6 7 8 9 10 11 12 13 0 1 2 3 4 5 6 7 8 9 10 11 12 13 0 1 2 3 4 5 6 7 8 9 10 11 12 13 0 1 2 3 4 5 6 7 8 9 10 11 12 13 0 1 2 3 4 5 6 7 8 9 10 11 12 13 0 1 2 3 4 5 6 7 8 9 10 11 12 13 0 1 2 3 4 5 6 7 0 1 2 3 4 5 6 7 0 1 2 3 4 5 8 9 0 1 2 3 4 5 8 9 0 1 2 3 4 5 8 9 0 1 2 3 4 5 8 9 0 1 2 3 4 5 10 11 0 1 2 3 4 5 10 11 0 1 2 3 4 5 12 13 0 1 2 3 4 5 12 13 0 1 2 3 4 5 12 13 0 1 2 3 4 5 12 13

QDERIV
  -4e+02     0         0         0         0         0         0         0         0         0         0         0         0         0       
   0        -4e+02     0         0         0         0         0         0         0         0         0         0         0         0       
   0         0        -4e+02     0         0         0         0         0         0         0         0         0         0         0       
   0         0         0        -1e+02     0         0         0         0         0         0         0         0         0         0       
   0         0         0         0        -1e+02     0         0         0         0         0         0         0         0         0       
   0         0         0         0         0        -1e+02     0         0         0         0         0         0         0         0       
   0         0         0         0         0         0        -2.6       0         0         0         0         0         0         0       
   0         0         0         0         0         0         0         0         0         0         0         0         0         0       
   0         0         0         0         0         0         0         0        -0.0013    0         0         0         0         0       
   0         0         0         0         0         0         0         0         0         0         0         0         0         0       
   0         0         0         0         0         0         0         0         0         0        -2.6       0         0         0       
   0         0         0         0         0         0         0         0         0         0         0         0         0         0       
   0         0         0         0         0         0         0         0         0         0         0         0        -0.0013    0       
   0         0         0         0         0         0         0         0         0         0         0         0         0         0       

QLU
   0         0         0         0         0         0         0         0         0         0         0         0         0         0       
   0         0         0         0         0         0         0         0         0         0         0         0         0         0       
   0         0         0         0         0         0         0         0         0         0         0         0         0         0       
   0         0         0         0         0         0         0         0         0         0         0         0         0         0       
   0         0         0         0         0         0         0         0         0         0         0         0         0         0       
   0         0         0         0         0         0         0         0         0         0         0         0         0         0       
   0         0         0         0         0         0         0         0         0         0         0         0         0         0       
   0         0         0         0         0         0         0         0         0         0         0         0         0         0       
   0         0         0         0         0         0         0         0         0         0         0         0         0         0       
   0         0         0         0         0         0         0         0         0         0         0         0         0         0       
   0         0         0         0         0         0         0         0         0         0         0         0         0         0       
   0         0         0         0         0         0         0         0         0         0         0         0         0         0       
   0         0         0         0         0         0         0         0         0         0         0         0         0         0       
   0         0         0         0         0         0         0         0         0         0         0         0         0         0       

CONTACT
EFC_TYPE
  0
  0
  0
  0
  0
  0
  0
  3
  3

EFC_ID
  0
  0
  0
  1
  1
  1
  2
  7
  11

EFC_J
   9.7e-07  -1.7e-20  -1.7e-20  -2.5e-20  -3.7e-05   3.7e-12   0.044     0.048    -0.038     0.0066    0         0         0         0       
  -9.8e-05  -3.7e-05  -3.7e-05  -3.7e-05   2.5e-06   9.8e-05   0.00097   0.00015  -0.0014   -0.00046   0         0         0         0       
   0         9.7e-07   9.7e-07   9.7e-07   9.8e-05  -2.5e-06   0.037     0.0058   -0.055    -0.018     0         0         0         0       
   9.7e-07  -1.7e-20  -1.7e-20  -2.5e-20  -3.7e-05  -3.7e-12   0         0         0         0        -0.044    -0.048     0.038    -0.0066  
   9.8e-05  -3.7e-05  -3.7e-05  -3.7e-05  -2.5e-06  -9.8e-05   0         0         0         0         0.00097   0.00015  -0.0014   -0.00046 
   0         9.7e-07   9.7e-07   9.7e-07  -9.8e-05   2.5e-06   0         0         0         0         0.037     0.0058   -0.055    -0.018   
   0         0         0         0         0         0         1         0         0         0        -1         0         0         0       
   0         0         0         0         0         0         0        -1         0         0         0         0         0         0       
   0         0         0         0         0         0         0         0         0         0         0        -1         0         0       

EFC_POS
  -9.8e-05 
  -9.7e-07 
  -3.7e-05 
   9.8e-05 
  -9.7e-07 
  -3.7e-05 
   8.8e-11 
  -0.0027  
  -0.0027  

EFC_MARGIN
   0       
   0       
   0       
   0       
   0       
   0       
   0       
   0       
   0       

EFC_FRICTIONLOSS
   0       
   0       
   0       
   0       
   0       
   0       
   0       
   0       
   0       

EFC_DIAGAPPROX
   30      
   30      
   30      
   30      
   30      
   30      
   4e+02   
   8.9e+04 
   8.9e+04 

EFC_KBIP
   4.1e+04   4e+02     0.95      17      
   4.1e+04   4e+02     0.95      17      
   4.1e+04   4e+02     0.95      17      
   4.1e+04   4e+02     0.95      17      
   4.1e+04   4e+02     0.95      17      
   4.1e+04   4e+02     0.95      17      
   4.1e+04   4e+02     0.95      1.4e-05 
   4.1e+04   4e+02     0.99      0       
   4.1e+04   4e+02     0.99      0       

EFC_D
   0.64    
   0.64    
   0.64    
   0.64    
   0.64    
   0.64    
   0.048   
   0.0011  
   0.0011  

EFC_R
   1.6     
   1.6     
   1.6     
   1.6     
   1.6     
   1.6     
   21      
   9e+02   
   9e+02   

TEN_VELOCITY
  -1.8e-16 

ACTUATOR_VELOCITY
  -1.7e-17 
  -5.3e-14 
  -5.3e-14 
  -4.2e-14 
   5.5e-14 
  -1.3e-19 
  -1.8e-16 

CVEL
   0         0         0         0         0         0       
   0         0         0         0         0         0       
   0         0         0         0         0         0       
   0         0        -1.7e-17   1.7e-18   1.3e-18   0       
   5.3e-14  -2.3e-29  -1.7e-17   1.7e-18  -8.2e-15   5.2e-15 
   1.1e-13  -4.7e-29  -1.7e-17   1.7e-18   5.9e-15   1e-14   
   1.5e-13  -7.5e-29  -1.7e-17   1.7e-18   1.7e-14  -2.2e-15 
   1.5e-13   5.5e-14  -1.4e-15  -1.5e-14   1.7e-14  -5.4e-15 
   1.5e-13   5.5e-14  -1.4e-15  -1.5e-14   1.7e-14  -5.4e-15 
   1.5e-13   5.5e-14  -1.4e-15  -1.5e-14   1.7e-14  -5.4e-15 
   1.5e-13   5.5e-14  -1.4e-15  -1.5e-14   1.7e-14  -5.4e-15 
   1.5e-13   5.5e-14  -1.4e-15  -1.5e-14   1.7e-14  -5.4e-15 
   1.5e-13   5.4e-14  -1.4e-15  -1.5e-14   1.7e-14  -5.4e-15 
   1.5e-13   5.3e-14  -1.4e-15  -1.4e-14   1.7e-14  -5.4e-15 
   1.5e-13   5.1e-14  -1.3e-15  -1.4e-14   1.7e-14  -5.3e-15 
   1.5e-13   7.9e-14  -2.1e-15  -1.6e-14   1.7e-14  -5.5e-15 
   1.5e-13   7.9e-14  -2.1e-15  -1.6e-14   1.7e-14  -5.5e-15 
   1.5e-13   7.9e-14  -2.1e-15  -1.6e-14   1.7e-14  -5.5e-15 
   1.5e-13   5.5e-14  -1.4e-15  -1.5e-14   1.7e-14  -5.4e-15 
   1.5e-13   5.7e-14  -1.5e-15  -1.5e-14   1.7e-14  -5.7e-15 
   1.5e-13   6.4e-14  -1.7e-15  -1.6e-14   1.7e-14  -6.1e-15 
   1.5e-13  -5.1e-14   1.3e-15  -9.6e-15   1.7e-14   6.4e-15 
   1.5e-13  -5.1e-14   1.3e-15  -9.6e-15   1.7e-14   6.4e-15 
   1.5e-13  -5.1e-14   1.3e-15  -9.6e-15   1.7e-14   6.4e-15 

CDOF_DOT
   0         0         0         0         0         0       
   7.5e-33   1.7e-17   0         2.7e-18  -1.2e-33   1.3e-18 
   7.5e-33   1.7e-17   0        -4.6e-18  -2.4e-16  -2.2e-14 
   1.1e-32   1.7e-17   2.3e-29  -4.4e-18  -4.2e-14  -2.2e-14 
   1.7e-17   3.8e-15   1.5e-13   1.8e-15   8.6e-15  -2.2e-16 
  -5.5e-14   1.5e-13  -3.8e-15  -1.7e-14  -1.4e-14   1.3e-14 
   1.7e-17   3.8e-15   1.5e-13   3.5e-15   3.9e-15  -9.2e-15 
   1.7e-17   3.8e-15   1.5e-13   5.2e-15  -7.8e-16  -8.8e-15 
   1.7e-17   3.8e-15   1.5e-13   2.5e-15   6.4e-15  -9.5e-15 
   1.7e-17   3.8e-15   1.5e-13   4.4e-15   9.5e-16  -1.2e-14 
  -1.7e-17  -3.8e-15  -1.5e-13  -1.3e-16  -1.3e-14   9.4e-15 
  -1.7e-17  -3.8e-15  -1.5e-13   1.6e-15  -1.7e-14   9.3e-15 
  -1.7e-17  -3.8e-15  -1.5e-13  -1.1e-15  -1e-14     9.6e-15 
  -1.7e-17  -3.8e-15  -1.5e-13   1.3e-15  -1.6e-14   1.3e-14 

QFRC_BIAS
   2.9e-27 
  -21      
  -21      
  -2.4     
   0.00073 
  -1.9e-05 
  -0.0063  
  -0.0004  
  -0.011   
  -0.00066 
  -0.0063  
  -0.0004  
  -0.011   
  -0.00066 

QFRC_SPRING
   0       
   0       
   0       
   0       
   0       
   0       
   0       
   0       
   0.13    
   0       
   0       
   0       
   0.13    
   0       

QFRC_DAMPER
   0       
   0       
   0       
   0       
   0       
   0       
   2e-17   
   0       
   4e-18   
   0       
   1.6e-17 
   0       
   1.2e-17 
   0       

QFRC_GRAVCOMP
   0       
   0       
   0       
   0       
   0       
   0       
   0       
   0       
   0       
   0       
   0       
   0       
   0       
   0       

QFRC_FLUID
   0       
   0       
   0       
   0       
   0       
   0       
   0       
   0       
   0       
   0       
   0       
   0       
   0       
   0       

QFRC_PASSIVE
   0       
   0       
   0       
   0       
   0       
   0       
   2e-17   
   0       
   0.13    
   0       
   1.6e-17 
   0       
   0.13    
   0       

EFC_VEL
   2.3e-16 
  -3.1e-18 
  -3.3e-16 
  -1e-15   
  -3.5e-17 
  -1.6e-15 
  -3.6e-17 
   1.3e-15 
   1.8e-15 

EFC_AREF
   3.8     
   0.037   
   1.4     
  -3.8     
   0.038   
   1.5     
  -3.4e-06 
   1.1e+02 
   1.1e+02 

SUBTREE_LINVEL
   0         0         0       
   0         0         0       
   0         0         0       
   0         0         0       
   0         0         0       
   0         0         0       
   0         0         0       
   0         0         0       
   0         0         0       
   0         0         0       
   0         0         0       
   0         0         0       
   0         0         0       
   0         0         0       
   0         0         0       
   0         0         0       
   0         0         0       
   0         0         0       
   0         0         0       
   0         0         0       
   0         0         0       
   0         0         0       
   0         0         0       
   0         0         0       

SUBTREE_ANGMOM
   0         0         0       
   0         0         0       
   0         0         0       
   0         0         0       
   0         0         0       
   0         0         0       
   0         0         0       
   0         0         0       
   0         0         0       
   0         0         0       
   0         0         0       
   0         0         0       
   0         0         0       
   0         0         0       
   0         0         0       
   0         0         0       
   0         0         0       
   0         0         0       
   0         0         0       
   0         0         0       
   0         0         0       
   0         0         0       
   0         0         0       
   0         0         0       

ACTUATOR_FORCE
   6.7e-15 
  -21      
  -21      
  -2.4     
   0.00073 
  -1.9e-05 
  -0.29    

QFRC_ACTUATOR
   6.7e-15 
  -21      
  -21      
  -2.4     
   0.00073 
  -1.9e-05 
  -0.15    
   0       
   0       
   0       
  -0.15    
   0       
   0       
   0       

QFRC_SMOOTH
   6.7e-15 
   0       
  -1.8e-13 
   9.9e-14 
   4.9e-15 
   3.3e-17 
  -0.14    
   0.0004  
   0.14    
   0.00066 
  -0.14    
   0.0004  
   0.14    
   0.00066 

QACC_SMOOTH
  -0.035   
  -0.22    
  -1.6     
  -0.93    
   0.021   
  -0.00041 
  -28      
   67      
   2.2e+03 
  -5.4e+03 
  -28      
   66      
   2.2e+03 
  -5.4e+03 

EFC_B
  -1.2e+02 
  -0.65    
  -25      
   1.2e+02 
  -0.65    
  -25      
  -0.00058 
  -1.8e+02 
  -1.8e+02 

EFC_FORCE
   2.4     
   0.024   
   0.92    
  -2.4     
   0.024   
   0.92    
  -1.6e-07 
   0.12    
   0.12    

EFC_STATE
  1
  1
  1
  1
  1
  1
  1
  1
  1

QFRC_CONSTRAINT
  -1.4e-16 
  -5.1e-17 
  -5.1e-17 
  -5.1e-17 
   1.8e-16 
  -1.7e-17 
   0.14    
  -0.0004  
  -0.14    
  -0.00066 
   0.14    
  -0.0004  
  -0.14    
  -0.00066 

QFRC_INVERSE
   0       
   0       
   0       
   0       
   0       
   0       
   0       
   0       
   0       
   0       
   0       
   0       
   0       
   0       

CACC
   0         0         0         0         0         0       
   0         0         0         0         0         0       
   0         0         0         0         0         0       
   0         0         0         0         0         0       
   0         0         0         0         0         0       
   0         0         0         0         0         0       
   0         0         0         0         0         0       
   0         0         0         0         0         0       
   0         0         0         0         0         0       
   0         0         0         0         0         0       
   0         0         0         0         0         0       
   0         0         0         0         0         0       
   0         0         0         0         0         0       
   0         0         0         0         0         0       
   0         0         0         0         0         0       
   0         0         0         0         0         0       
   0         0         0         0         0         0       
   0         0         0         0         0         0       
   0         0         0         0         0         0       
   0         0         0         0         0         0       
   0         0         0         0         0         0       
   0         0         0         0         0         0       
   0         0         0         0         0         0       
   0         0         0         0         0         0       

CFRC_INT
   0         0         0         0         0         0       
   0         0         0         0         0         0       
   0         0         0         0         0         0       
   0         0         0         0         0         0       
   0         0         0         0         0         0       
   0         0         0         0         0         0       
   0         0         0         0         0         0       
   0         0         0         0         0         0       
   0         0         0         0         0         0       
   0         0         0         0         0         0       
   0         0         0         0         0         0       
   0         0         0         0         0         0       
   0         0         0         0         0         0       
   0         0         0         0         0         0       
   0         0         0         0         0         0       
   0         0         0         0         0         0       
   0         0         0         0         0         0       
   0         0         0         0         0         0       
   0         0         0         0         0         0       
   0         0         0         0         0         0       
   0         0         0         0         0         0       
   0         0         0         0         0         0       
   0         0         0         0         0         0       
   0         0         0         0         0         0       

CFRC_EXT
   0         0         0         0         0         0       
   0         0         0         0         0         0       
   0         0         0         0         0         0       
   0         0         0         0         0         0       
   0         0         0         0         0         0       
   0         0         0         0         0         0       
   0         0         0         0         0         0       
   0         0         0         0         0         0       
   0         0         0         0         0         0       
   0         0         0         0         0         0       
   0         0         0         0         0         0       
   0         0         0         0         0         0       
   0         0         0         0         0         0       
   0         0         0         0         0         0       
   0         0         0         0         0         0       
   0         0         0         0         0         0       
   0         0         0         0         0         0       
   0         0         0         0         0         0       
   0         0         0         0         0         0       
   0         0         0         0         0         0       
   0         0         0         0         0         0       
   0         0         0         0         0         0       
   0         0         0         0         0         0       
   0         0         0         0         0         0       

TENDON_EFCADR         -1

